
1929903951
-1832550589
-395083403
1709958285
1606084198
-1671383640
1408373647
493918915
-1001313563
1605607700
-431523082
1410947933
405007094
-948676537
1082565086
-2047884593
-1985095364
2112088444
2069417961
-1852021004
-220585448
1442679772
834952872
2057867035
-961288832
2104393627
330859997
295988489
92304038
-1670812253
-1583329838
1929348712
-226093609
1036654954
-43797210
-131673227
1155600209
-2106580660
-910790106
2034287950
1391176660
109987430
-873074748
2039809707
1119008805
-364576876
1570879913
364537533
807444234
-184573612
330757395
-222288825
-1594987513
-1387453531
484602956
324525551
-1585331307
-761664669
-1366972487
-228279645
-113828275
-1068761784
281515505
441447050
1640803750
1058461496
1127396421
2068220979
-1435225905
1304792573
-1212739511
-562554205
-1775024659
-296169743
-407500335
1489720660
-2132146550
1468280273
370422619
-1630773692
-1205234833
517045908
-287317658
2078996552
-1306569932
2103901102
-1836543298
290762438
-939893806
111725721
1998676628
-311586400
609053738
791204905
-1942271482
401913805
1745425656
-1743274983
260375466
-922678935
-1758632422
1418638269
1798321460
1239059889
1215774111
1195897491
-609426809
-1969169866
-1471912086
1087741768
-909093006
1005675254
1754619751
1060717428
1679558005
-1228400217
-509752081
-386480017
39215935
1676708916
661950686
699303691
-132281182
-1841578963
-1451311428
-1503589749
845757731
-2120915709
678178678
-881025350
1685921544
-1722341628
-1121920538
1497758275
2053571625
-606662171
2105327932
1043099562
-800029496
748693805
902063715
1961317678
1579604359
-2110430264
2113154084
-1592503901
-1226571366
-53805224
-2032513948
